49,773
49,772
49,771
49,770
49,769
49,768
49,682
49,681
49,680
49,679
49,678
49,677
49,676
49,675
49,674
49,673
49,672
49,671
49,670
49,669
49,668
49,667
49,666
49,665
49,664
49,663
49,662
49,661
49,660
49,659
49,658
49,657
49,656
49,655
49,654
49,653
49,648
49,647
49,644
49,643
49,615
49,581
49,328
49,81
49,80
49,79
49,78
49,77
49,76
49,75
49,74
49,73
49,72
49,71
49,70
49,69
49,68
49,67
49,66
49,65
49,64
49,44
49,43
49,42
49,41
49,40
49,39
49,38
49,37
49,36
49,35
49,34
49,33
49,32
49,31
49,30
49,29
49,28
49,27
49,26
49,25
49,24
49,23
49,22
49,21
49,20
49,19
49,18
49,17
49,16
49,15
49,11
49,10
49,8
49,7
49,6
49,5
49,4
49,3
49,2
49,1
49,0
48,30
48,29
48,28
48,27
48,26
48,24
48,21
48,12
48,11
48,10
48,9
48,8
48,7
48,5
48,4
48,3
48,2
48,1
48,0
47,259
47,257
47,101
47,100
47,99
47,98
47,97
47,96
47,95
47,94
47,93
47,92
47,91
47,90
47,89
47,88
47,87
47,86
47,85
47,84
47,83
47,82
47,81
47,80
47,79
47,78
47,77
47,76
47,75
47,74
47,73
47,72
47,71
47,70
47,69
47,68
47,67
47,66
47,65
47,64
47,38
47,37
47,36
47,35
47,34
47,33
47,32
47,31
47,30
47,29
47,28
47,27
47,26
47,25
47,24
47,23
47,22
47,21
47,20
47,19
47,18
47,17
47,16
47,15
47,14
47,13
47,12
47,10
47,9
47,8
47,7
47,6
47,5
47,4
47,3
47,2
47,1
47,0
46,4
46,3
46,2
46,1
46,0
45,8
45,7
45,6
45,5
45,4
45,3
45,2
45,1
45,0
44,5
44,4
44,3
44,2
44,1
44,0
40,4
40,3
40,2
40,1
40,0
7,3
5,5
5,4
5,3
5,2
5,0
4,3
3,2
2,2
1,2
0,9
0,2
49,774
49,775
50,0
50,1
50,3
50,4
51,0
51,2
51,3
51,5
52,0
52,2
52,4
52,5
53,1
53,2
53,4
53,5
54,1
54,3
54,4
54,6
54,5
54,2
54,0
53,3
53,0
52,3
52,1
51,4
51,1
50,5
50,2
49,776
1,45
3,44
2,44
1,44
3,43
2,43
1,43
3,42
2,42
1,42
3,41
2,41
1,41
3,40
2,40
1,40
3,39
2,39
1,39
3,38
2,38
1,38
3,37
2,37
1,37
3,36
2,36
1,36
3,35
2,35
1,35
3,34
2,34
1,34
3,33
2,33
1,33
3,32
2,32
1,32
3,31
2,31
1,31
3,30
2,30
1,30
3,29
2,29
1,29
3,28
2,28
1,28
3,27
2,27
1,27
3,26
2,26
1,26
3,25
2,25
1,25
3,24
2,24
1,24
3,23
2,23
1,23
3,22
2,22
1,22
3,21
2,21
1,21
3,20
2,20
1,20
3,19
2,19
1,19
3,18
2,18
1,18
3,17
2,17
1,17
3,16
2,16
1,16
3,15
2,15
1,15
3,14
2,14
1,14
3,13
2,13
1,13
3,12
2,12
1,12
3,11
2,11
1,11
3,10
2,10
1,10
3,9
2,9
1,9
3,8
2,8
1,8
3,7
2,7
1,7
3,6
2,6
1,6
3,5
2,5
1,5
3,4
2,4
1,4
3,3
3,0
2,3
2,0
1,3
1,0
0,6
0,0
0,47
0,46
0,49
0,48
0,45
0,12
0,10
0,8
0,11
0,5
0,7
0,4
0,3
